{
 "cells": [
  {
   "cell_type": "code",
   "execution_count": 0,
   "metadata": {
    "application/vnd.databricks.v1+cell": {
     "cellMetadata": {
      "byteLimit": 2048000,
      "rowLimit": 10000
     },
     "inputWidgets": {},
     "nuid": "ab65f492-c061-4f4a-be10-93d14c55766c",
     "showTitle": false,
     "tableResultSettingsMap": {},
     "title": ""
    }
   },
   "outputs": [
    {
     "output_type": "stream",
     "name": "stdout",
     "output_type": "stream",
     "text": [
      "root\n |-- base: string (nullable = true)\n |-- clouds: struct (nullable = true)\n |    |-- all: long (nullable = true)\n |-- cod: long (nullable = true)\n |-- coord: struct (nullable = true)\n |    |-- lat: double (nullable = true)\n |    |-- lon: double (nullable = true)\n |-- dt: long (nullable = true)\n |-- id: long (nullable = true)\n |-- main: struct (nullable = true)\n |    |-- feels_like: double (nullable = true)\n |    |-- grnd_level: long (nullable = true)\n |    |-- humidity: long (nullable = true)\n |    |-- pressure: long (nullable = true)\n |    |-- sea_level: long (nullable = true)\n |    |-- temp: double (nullable = true)\n |    |-- temp_max: double (nullable = true)\n |    |-- temp_min: double (nullable = true)\n |-- name: string (nullable = true)\n |-- sys: struct (nullable = true)\n |    |-- country: string (nullable = true)\n |    |-- id: long (nullable = true)\n |    |-- sunrise: long (nullable = true)\n |    |-- sunset: long (nullable = true)\n |    |-- type: long (nullable = true)\n |-- timezone: long (nullable = true)\n |-- visibility: long (nullable = true)\n |-- weather: array (nullable = true)\n |    |-- element: struct (containsNull = true)\n |    |    |-- description: string (nullable = true)\n |    |    |-- icon: string (nullable = true)\n |    |    |-- id: long (nullable = true)\n |    |    |-- main: string (nullable = true)\n |-- wind: struct (nullable = true)\n |    |-- deg: long (nullable = true)\n |    |-- gust: double (nullable = true)\n |    |-- speed: double (nullable = true)\n\n+--------+------+---+------------------+----------+-------+--------------------+----------+--------------------+--------+----------+--------------------+-----------------+\n|    base|clouds|cod|             coord|        dt|     id|                main|      name|                 sys|timezone|visibility|             weather|             wind|\n+--------+------+---+------------------+----------+-------+--------------------+----------+--------------------+--------+----------+--------------------+-----------------+\n|stations|   {1}|200|{18.5196, 73.8553}|1766643687|1259229|{24.11, 942, 35, ...|      Pune|{IN, 2104163, 176...|   19800|     10000|[{clear sky, 01d,...|{124, 5.16, 4.42}|\n|stations|  {10}|200|{19.0144, 72.8479}|1766643484|1275339|{27.99, 1014, 32,...|    Mumbai|{IN, 9052, 176662...|   19800|      3000|[{smoke, 50d, 711...|{110, NULL, 5.14}|\n|stations|   {3}|200|{19.8833, 75.3333}|1766643986|1278149|{24.68, 946, 41, ...|Aurangabad|{IN, 9057, 176662...|   19800|      4000|[{haze, 50d, 721,...| {90, NULL, 1.03}|\n|stations|  {13}|200|     {21.15, 79.1}|1766643771|1262180|{23.67, 981, 46, ...|    Nagpur|{IN, 9069, 176662...|   19800|      5000|[{haze, 50d, 721,...| {80, NULL, 1.54}|\n+--------+------+---+------------------+----------+-------+--------------------+----------+--------------------+--------+----------+--------------------+-----------------+\n\n"
     ]
    }
   ],
   "source": [
    "bronze_df = spark.read \\\n",
    "    .option(\"recursiveFileLookup\", \"true\") \\\n",
    "    .json(\"/Volumes/workspace/default/raw-weather\")\n",
    "\n",
    "bronze_df.printSchema()\n",
    "bronze_df.show(5)\n",
    "\n",
    "\n",
    "bronze_df.write.format(\"delta\") \\\n",
    "    .mode(\"append\") \\\n",
    "    .save(\"/Volumes/workspace/default/bronze/weather\")"
   ]
  },
  {
   "cell_type": "code",
   "execution_count": 0,
   "metadata": {
    "application/vnd.databricks.v1+cell": {
     "cellMetadata": {
      "byteLimit": 2048000,
      "rowLimit": 10000
     },
     "inputWidgets": {},
     "nuid": "7122b8b3-be7f-4f2b-a1f5-8c9ce05c6332",
     "showTitle": false,
     "tableResultSettingsMap": {},
     "title": ""
    }
   },
   "outputs": [
    {
     "output_type": "execute_result",
     "data": {
      "text/plain": [
       "4"
      ]
     },
     "execution_count": 5,
     "metadata": {},
     "output_type": "execute_result"
    }
   ],
   "source": [
    "bronze_df.count()"
   ]
  },
  {
   "cell_type": "code",
   "execution_count": 0,
   "metadata": {
    "application/vnd.databricks.v1+cell": {
     "cellMetadata": {
      "byteLimit": 2048000,
      "rowLimit": 10000
     },
     "inputWidgets": {},
     "nuid": "91833a81-6ce6-4f84-a30f-4aac35506b57",
     "showTitle": false,
     "tableResultSettingsMap": {},
     "title": ""
    }
   },
   "outputs": [
    {
     "output_type": "stream",
     "name": "stdout",
     "output_type": "stream",
     "text": [
      "+--------+------+---+------------------+----------+-------+--------------------+----------+--------------------+--------+----------+--------------------+-----------------+\n|    base|clouds|cod|             coord|        dt|     id|                main|      name|                 sys|timezone|visibility|             weather|             wind|\n+--------+------+---+------------------+----------+-------+--------------------+----------+--------------------+--------+----------+--------------------+-----------------+\n|stations|   {3}|200|{19.8833, 75.3333}|1766643986|1278149|{24.68, 946, 41, ...|Aurangabad|{IN, 9057, 176662...|   19800|      4000|[{haze, 50d, 721,...| {90, NULL, 1.03}|\n|stations|  {10}|200|{19.0144, 72.8479}|1766643484|1275339|{27.99, 1014, 32,...|    Mumbai|{IN, 9052, 176662...|   19800|      3000|[{smoke, 50d, 711...|{110, NULL, 5.14}|\n|stations|  {13}|200|     {21.15, 79.1}|1766643771|1262180|{23.67, 981, 46, ...|    Nagpur|{IN, 9069, 176662...|   19800|      5000|[{haze, 50d, 721,...| {80, NULL, 1.54}|\n|stations|   {1}|200|{18.5196, 73.8553}|1766643687|1259229|{24.11, 942, 35, ...|      Pune|{IN, 2104163, 176...|   19800|     10000|[{clear sky, 01d,...|{124, 5.16, 4.42}|\n|stations|   {3}|200|{19.8833, 75.3333}|1766643986|1278149|{24.68, 946, 41, ...|Aurangabad|{IN, 9057, 176662...|   19800|      4000|[{haze, 50d, 721,...| {90, NULL, 1.03}|\n|stations|  {10}|200|{19.0144, 72.8479}|1766643484|1275339|{27.99, 1014, 32,...|    Mumbai|{IN, 9052, 176662...|   19800|      3000|[{smoke, 50d, 711...|{110, NULL, 5.14}|\n|stations|  {13}|200|     {21.15, 79.1}|1766643771|1262180|{23.67, 981, 46, ...|    Nagpur|{IN, 9069, 176662...|   19800|      5000|[{haze, 50d, 721,...| {80, NULL, 1.54}|\n|stations|   {1}|200|{18.5196, 73.8553}|1766643687|1259229|{24.11, 942, 35, ...|      Pune|{IN, 2104163, 176...|   19800|     10000|[{clear sky, 01d,...|{124, 5.16, 4.42}|\n|stations|   {3}|200|{19.8833, 75.3333}|1766643986|1278149|{24.68, 946, 41, ...|Aurangabad|{IN, 9057, 176662...|   19800|      4000|[{haze, 50d, 721,...| {90, NULL, 1.03}|\n|stations|  {10}|200|{19.0144, 72.8479}|1766643484|1275339|{27.99, 1014, 32,...|    Mumbai|{IN, 9052, 176662...|   19800|      3000|[{smoke, 50d, 711...|{110, NULL, 5.14}|\n|stations|  {13}|200|     {21.15, 79.1}|1766643771|1262180|{23.67, 981, 46, ...|    Nagpur|{IN, 9069, 176662...|   19800|      5000|[{haze, 50d, 721,...| {80, NULL, 1.54}|\n|stations|   {1}|200|{18.5196, 73.8553}|1766643687|1259229|{24.11, 942, 35, ...|      Pune|{IN, 2104163, 176...|   19800|     10000|[{clear sky, 01d,...|{124, 5.16, 4.42}|\n|stations|   {3}|200|{19.8833, 75.3333}|1766643986|1278149|{24.68, 946, 41, ...|Aurangabad|{IN, 9057, 176662...|   19800|      4000|[{haze, 50d, 721,...| {90, NULL, 1.03}|\n|stations|  {10}|200|{19.0144, 72.8479}|1766643484|1275339|{27.99, 1014, 32,...|    Mumbai|{IN, 9052, 176662...|   19800|      3000|[{smoke, 50d, 711...|{110, NULL, 5.14}|\n|stations|  {13}|200|     {21.15, 79.1}|1766643771|1262180|{23.67, 981, 46, ...|    Nagpur|{IN, 9069, 176662...|   19800|      5000|[{haze, 50d, 721,...| {80, NULL, 1.54}|\n|stations|   {1}|200|{18.5196, 73.8553}|1766643687|1259229|{24.11, 942, 35, ...|      Pune|{IN, 2104163, 176...|   19800|     10000|[{clear sky, 01d,...|{124, 5.16, 4.42}|\n|stations|   {3}|200|{19.8833, 75.3333}|1766643986|1278149|{24.68, 946, 41, ...|Aurangabad|{IN, 9057, 176662...|   19800|      4000|[{haze, 50d, 721,...| {90, NULL, 1.03}|\n|stations|  {10}|200|{19.0144, 72.8479}|1766643484|1275339|{27.99, 1014, 32,...|    Mumbai|{IN, 9052, 176662...|   19800|      3000|[{smoke, 50d, 711...|{110, NULL, 5.14}|\n|stations|  {13}|200|     {21.15, 79.1}|1766643771|1262180|{23.67, 981, 46, ...|    Nagpur|{IN, 9069, 176662...|   19800|      5000|[{haze, 50d, 721,...| {80, NULL, 1.54}|\n|stations|   {1}|200|{18.5196, 73.8553}|1766643687|1259229|{24.11, 942, 35, ...|      Pune|{IN, 2104163, 176...|   19800|     10000|[{clear sky, 01d,...|{124, 5.16, 4.42}|\n+--------+------+---+------------------+----------+-------+--------------------+----------+--------------------+--------+----------+--------------------+-----------------+\nonly showing top 20 rows\n"
     ]
    }
   ],
   "source": [
    "spark.read.format(\"delta\") \\\n",
    "    .load(\"/Volumes/workspace/default/bronze/weather\") \\\n",
    "     .show()"
   ]
  }
 ],
 "metadata": {
  "application/vnd.databricks.v1+notebook": {
   "computePreferences": null,
   "dashboards": [],
   "environmentMetadata": {
    "base_environment": "",
    "environment_version": "4"
   },
   "inputWidgetPreferences": null,
   "language": "python",
   "notebookMetadata": {
    "pythonIndentUnit": 4
   },
   "notebookName": "01_bronze_ingestion",
   "widgets": {}
  },
  "language_info": {
   "name": "python"
  }
 },
 "nbformat": 4,
 "nbformat_minor": 0
}